
----------------zhangfutong----------------
0602 2206 3520 T1 -120      +0          -120    =100%
0603 1524 3520 D0 -3200     +3179.40	-20.6   =0.55%+3
0604 1235 3520 T1 -3200     +3182.40	-17.6   =0.55%
0612 1647 3520 T1 -5380     +5350.41	-29.59  =0.55%
0622 1608 3520 D0 -1420     +1409.19	-10.81  =0.55%+3
0711 1211 3520 T1 -6480     +6444.36	-35.64  =0.55%
0716 1855 3520 D0 -5520     +5486.64	-33.36  =0.55%+3
0806 1716 3520 D0 -11800    +11732.10	-67.9   =0.55%+3
0808 1816 3520 D0 -11000    +10936.5	-63.5   =0.55%+3
0823 1702 3520 D0 -2000     +1986		-14     =0.55%+3
0911 0852 3520 D0 -9800     +9743.1		-56.9   =0.55%+3
0913 0832 3520 D0 -10200    +10140.9	-59.1   =0.55%+3
1008 1247 3520 D0 -2000     +1986		-14     =0.55%+3
1021 1054 3520 D0 -8200     +8151.9		-48.1   =0.55%+3
1106 1158 3520 D0 -6800     +6752.8		-47.2   =0.65%+3    =-518.3
1108 1937 3520 D0 -3400     +3374.9     -25.1   =0.65%+3    =-543.4
1114 1926 3520 D0 -9800     +9733.3     -66.7   =0.65%+3    =-610.1
1201 1633 3520 D0 -2400     +2381.4     -18.6   =0.65%+3
1211 1830 3520 D0 -7800     +7746.3     -53.7   =0.65%+3
1214 1026 3520 D0 -2999     +2976.51	-22.49  =0.65%+3
1214 1856 3520 D0 -6888     +6840.23	-47.77  =0.65%+3
1216 2218 3520 T1 -499      +495.76     -3.24   =0.65%
1226 1305 1053 D0 -21000    +20860.5    -139.5  =0.65%+3
1226 1626 1053 D0 -19600    +19469.6    -130.4  =0.65%+3
1226 2006 5651 D0 -355      +349.69     -5.31   =0.65%+3
1227 1250 5651 D0 -10800    +10726.8    -73.2   =0.65%+3
1227 1718 1053 D0 -9200     +9137.2     -62.8   =0.65%+3
0402 1652 5651 D0 -1248     +1236.89    -11.11  =0.65%+3
0403 1906 1053 D0 -1435     +1425.67    -9.33   =0.65%
0417 2259 5651 T1 -2685		+2667.55	-17.45	=0.65%
0417 2321 1053 T1 -3110		+3089.78	-20.22	=0.65%
0430 1326 1053 D0 -3680		+3653.08	-26.92	=0.65%+3
0514 2057 5651 D0 -4860		+4828.41	-31.59	=0.65%
0516 0906 5651 D0 -5288		+5250.63	-37.37	=0.65%+3
0516 1327 1053 D0 -5120		+5083.72	-36.28	=0.65%+3
0517 0901 1053 D0 -3742		+3714.68	-27.32	=0.65%+3
0519 1948 5651 D0 -3120		+3099.72	-20.28	=0.65%
0520 1007 5651 D0 -2950		+2927.82	-22.18	=0.65%+3
0523 1916 5651 D0 -4238		+4210.45	-27.55	=0.65%
0525 1146 1053 D0 -4888		+4853.23	-34.77	=0.65%+3
0525 1626 5651 D0 -6888		+6840.23	-47.77	=0.65%+3
0618 2008 1053 D0 -3692		+3668		-24		=0.65%
0619 0857 5651 D0 -3721 	+3693.81	-27.19	=0.65%+3
0704 1909 1053 D0 -2865		+2846.38	-18.62	=0.65%
0705 0815 5651 D0 -7288		+7237.63	-50.37	=0.65%+3
0705 1311 1053 D0 -6888		+6840.23	-47.77	=0.65%+3
0706 1936 5651 D0 -4280		+4252.18	-27.82	=0.65%
0708 1920 1053 D0 -2658		+2640.72	-17.28	=0.65%

----------------shengshua----------------
1220 1521 1053 S0 -210      +0          -210    =100%
1220 1809 1053 S0 -800      +794.8      -5.2    =0.65%
1221 1059 1053 S0 -10200    +10133.7    -66.3   =0.65%
1222 1330 5651 S0 -200      +198.7      -1.3    =0.65%
1222 1526 1053 S0 -240      +238.44     -1.56   =0.65%
1222 2149 5651 S0 -180      +178.83     -1.17   =0.65%
1222 2216 1053 S0 -2100     +2086.35    -13.65  =0.65%
1223 1148 5651 S0 -214      +212.61     -1.39   =0.65%
1223 1654 5651 S0 -10200    +10133.7    -66.3   =0.65%
1223 2114 5651 S0 -188      +186.78     -1.22   =0.65%
1224 1308 1053 S0 -13000    +12915.5    -84.5   =0.65%
1225 1303 6580 S0 -360      +357.66     -2.34   =0.65%
1225 1548 1053 S0 -3300     +3278.55    -21.45  =0.65%
1225 1729 5651 S0 -258      +256.32     -1.68   =0.65%
1226 0853 5651 S0 -12400    +12319.4    -80.6   =0.65%
1226 1038 1053 S0 -18300    +18181.05   -118.95 =0.65%
1226 2057 1053 S0 -16500    +16392.75   -107.25 =0.65%
1227 1027 5651 S0 -8600     +8544.1     -55.9   =0.65%
1227 1254 1053 S0 -8800     +8742.8     -57.2   =0.65%
1227 1847 5651 S0 -13200    +13114.2    -85.8   =0.65%
1227 2204 1053 S0 -8200     +8146.7     -53.3   =0.65%
1228 2138 5651 S0 -5600     +5563.6     -36.4   =0.65%
1229 1632 5651 S0 -6088     +6048.43    -39.57  =0.65%
0102 1729 1053 S0 -252      +250.36     -1.64   =0.65%
0102 2205 5651 S0 -210      +208.63     -1.37   =0.65%
0103 1312 1053 S0 -326      +323.88     -2.12   =0.65%
0103 2151 5651 S0 -235      +233.47     -1.53   =0.65%
0105 0934 1053 S9 -192      +190.75     -1.25   =0.65%
0105 1110 5651 S0 -199      +197.71     -1.29   =0.65%
0105 1732 1053 S0 -269      +267.25     -1.75   =0.65%
0105 1946 5651 S0 -206      +204.66     -1.34   =0.65%
0106 0918 5651 S0 -228      +226.52     -1.48   =0.65%
0106 1209 1053 S0 -358      +355.67     -2.33   =0.65%
0106 1917 1053 S0 -230      +228.5      -1.5    =0.65%
0106 2244 5651 S0 -184      +182.8      -1.2    =0.65%
0110 2147 5651 S0 -240      +238.44     -1.56   =0.65%
0111 2253 5651 S0 -186      +184.79     -1.21   =0.65%
0111 2257 1053 S0 -277      +275.2      -1.8    =0.65%
0112 1908 5651 S0 -215      +213.6      -1.4    =0.65%
0113 1440 5651 S0 -269      +267.25     -1.75   =0.65%
0113 1539 1053 S0 -229      +227.51     -1.49   =0.65%
0113 1742 5651 S0 -243      +241.42     -1.58   =0.65%
0113 2057 1053 S0 -183      +181.81     -1.19   =0.65%
0113 2236 1053 S0 -226      +224.53     -1.47   =0.65%
0113 2317 5651 S0 -199      +197.71     -1.29   =0.65%
0116 2046 5651 S0 -187      +185.78     -1.22   =0.65%
0116 2148 1053 S0 -214      +212.61     -1.39   =0.65%
0117 1655 5651 S0 -258      +256.32     -1.68   =0.65%
0117 2056 5651 S0 -171      +169.89     -1.11   =0.65%
0117 2226 1053 S0 -178      +176.84     -1.16   =0.65%
0118 1727 5651 S0 -189      +187.77     -1.23   =0.65%
0118 1736 1053 S0 -269      +267.25     -1.75   =0.65%
0118 2220 1053 S0 -211      +209.63     -1.37   =0.65%
0119 1619 1053 S0 -168      +166.91     -1.09   =0.65%
0119 1626 5651 S0 -173      +171.88     -1.12   =0.65%
0120 0852 5651 S0 -9200     +9140.2     -59.8   =0.65%
0122 1222 1053 S0 -179      +177.84     -1.16   =0.65%
0122 1446 5651 S0 -183      +181.81     -1.19   =0.65%
0122 2235 5651 S0 -199      +197.71     -1.29   =0.65%
0122 2252 1053 S0 -214      +212.61     -1.39   =0.65%
0123 0903 5651 S0 -226      +224.53     -1.47   =0.65%
0123 1720 5651 S0 -262      +260.3      -1.7    =0.65%
0123 2213 1053 S0 -425      +422.24     -2.76   =0.65%
0123 2245 1053 S0 -358      +355.67     -2.33   =0.65%
0124 0822 5651 S0 -1280     +1271.68    -8.32   =0.65%
0124 0905 1053 S0 -820      +814.67     -5.33   =0.65%
0201 1054 5651 S0 -3200     +3179.2     -20.8   =0.65%
0203 1719 1053 S0 -6800     +6755.8     -44.2   =0.65%
0206 1025 1053 S0 -3000     +2980.5     -19.5   =0.65%
0218 0904 5651 S0 -5360		+5325.16	-34.84	=0.65%
0218 1827 1053 S0 -4300		+4272.05	-27.95	=0.65%
0302 0826 1053 S0 -4200     +4172.7     -27.3   =0.65%
0318 1642 1053 S0 -1695		+1683.98	-11.02	=0.65%
0318 1889 6580 S0 -685		+680.55		-4.45	=0.65%
0318 1907 1053 S0 -2140		+2126.09	-13.91	=0.65%
0320 1916 6580 S0 -682		+674.57		-7.43	=0.65%+3
0321 0904 6580 S0 -353		+347.71		-5.29	=0.65%+3
0402 1649 1053 S0 -2245     +2227.41    -17.59  =0.65%+3
0403 1907 5651 S0 -2158     +2140.97    -17.03  =0.65%+3
0404 2113 1053 S0 -2088		+2071.43	-16.57  =0.65%+3
0412 2204 1053 S0 -2642		+2621.83	-20.17  =0.65%+3
0412 2234 5651 S0 -2988		+2965.58	-22.42  =0.65%+3
0417 1620 1053 S0 -3290.6	+3266.21	-24.39  =0.65%+3
0417 1841 5651 S0 -3688		+3661.03	-26.97  =0.65%+3
0419 2107 1052 S0 -2150		+2133.02	-16.98  =0.65%+3
0423 2355 1053 S0 -1660		+1649.84	-10.16	=0.65%-0.63
0429 2253 5651 S0 -3688		+3661.03	-26.97  =0.65%+3
0429 2305 1053 S0 -3220		+3199.07	-20.93	=0.65%
0430 0905 5651 S0 -2665		+2644.68	-20.32	=0.65%+3
0716 2104 1053 S0 -3422		+3396.76	-25.24	=0.65%+3
0716 2136 5651 S0 -3650		+3623.27	-26.73	=0.65%+3

----------------chengxiang----------------
0716 2010 1053 D0 -2140		+2126.3		-13.7	=0.5%+3
0717 1914 5651 D0 -2680		+2663.6		-16.4	=0.5%+3
0721 1507 5651 D0 -1638		+1626.81	-11.19	=0.5%+3
0725 1908 1053 D0 -2150		+2136.25	-13.75	=0.5%+3
